(kicad_pcb (version 20171130) (host pcbnew "(5.1.0)-1")

  (general
    (thickness 1.6)
    (drawings 550)
    (tracks 728)
    (zones 0)
    (modules 16)
    (nets 1)
  )

  (page A4)
  (title_block
    (title "Phoenix Connector Audio Adapter")
    (date 2018-03-30)
    (rev 0.1)
    (company "db Electronics")
    (comment 1 "Licensed Under The CERN OHL v.1.2")
    (comment 2 https://github.com/db-electronics/phoenix-audio-adapter-kicad)
  )

  (layers
    (0 F.Cu signal)
    (31 B.Cu signal)
    (32 B.Adhes user)
    (33 F.Adhes user)
    (34 B.Paste user)
    (35 F.Paste user)
    (36 B.SilkS user)
    (37 F.SilkS user)
    (38 B.Mask user)
    (39 F.Mask user)
    (40 Dwgs.User user)
    (41 Cmts.User user)
    (42 Eco1.User user)
    (43 Eco2.User user)
    (44 Edge.Cuts user)
    (45 Margin user)
    (46 B.CrtYd user)
    (47 F.CrtYd user)
    (48 B.Fab user)
    (49 F.Fab user)
  )

  (setup
    (last_trace_width 0.635)
    (trace_clearance 0.1778)
    (zone_clearance 0.508)
    (zone_45_only no)
    (trace_min 0.1778)
    (via_size 0.6096)
    (via_drill 0.3048)
    (via_min_size 0.6096)
    (via_min_drill 0.3048)
    (uvia_size 0.3)
    (uvia_drill 0.1)
    (uvias_allowed no)
    (uvia_min_size 0)
    (uvia_min_drill 0)
    (edge_width 0.15)
    (segment_width 0.2)
    (pcb_text_width 0.3)
    (pcb_text_size 1.5 1.5)
    (mod_edge_width 0.15)
    (mod_text_size 1 1)
    (mod_text_width 0.15)
    (pad_size 1.524 1.524)
    (pad_drill 0.762)
    (pad_to_mask_clearance 0.2)
    (aux_axis_origin 0 0)
    (grid_origin 139.7 114.3)
    (visible_elements 7FFFFFFF)
    (pcbplotparams
      (layerselection 0x010f0_ffffffff)
      (usegerberextensions true)
      (usegerberattributes false)
      (usegerberadvancedattributes false)
      (creategerberjobfile false)
      (excludeedgelayer true)
      (linewidth 0.100000)
      (plotframeref false)
      (viasonmask false)
      (mode 1)
      (useauxorigin true)
      (hpglpennumber 1)
      (hpglpenspeed 20)
      (hpglpendiameter 15.000000)
      (psnegative false)
      (psa4output false)
      (plotreference true)
      (plotvalue true)
      (plotinvisibletext false)
      (padsonsilk false)
      (subtractmaskfromsilk false)
      (outputformat 1)
      (mirror false)
      (drillshape 0)
      (scaleselection 1)
      (outputdirectory "Gerbers/input+output/"))
  )

  (net 0 "")

  (net_class Default "This is the default net class."
    (clearance 0.1778)
    (trace_width 0.635)
    (via_dia 0.6096)
    (via_drill 0.3048)
    (uvia_dia 0.3)
    (uvia_drill 0.1)
  )

  (module headphone:Headphone_Jack_2.5mm_SJ1-3523N (layer F.Cu) (tedit 5CF08D08) (tstamp 5CF4814D)
    (at 93.05 130.004 180)
    (descr http://www.cui.com/product/resource/sj1-352xn-series.pdf)
    (fp_text reference CON1 (at -2.54 -0.0635 -90) (layer F.SilkS)
      (effects (font (size 1 1) (thickness 0.15)))
    )
    (fp_text value Headphone_Jack_2.5mm_SJ1-3523N (at -4.3815 10.668 180) (layer F.Fab)
      (effects (font (size 1 1) (thickness 0.15)))
    )
    (fp_line (start -11.75 -6.25) (end 3.25 -6.25) (layer F.CrtYd) (width 0.05))
    (fp_line (start 3.25 -6.25) (end 3.25 6.25) (layer F.CrtYd) (width 0.05))
    (fp_line (start -11.75 -6.25) (end -11.75 6.25) (layer F.CrtYd) (width 0.05))
    (fp_line (start -11.75 6.25) (end 3.25 6.25) (layer F.CrtYd) (width 0.05))
    (fp_line (start -10.8 6.1) (end -11.4 6.1) (layer F.SilkS) (width 0.1))
    (fp_line (start -11.4 6.1) (end -11.4 4.9) (layer F.SilkS) (width 0.1))
    (fp_line (start 2.2 6.1) (end 2.8 6.1) (layer F.SilkS) (width 0.1))
    (fp_line (start 2.8 6.1) (end 2.8 4.7) (layer F.SilkS) (width 0.1))
    (fp_line (start 2.2 -6.1) (end 2.8 -6.1) (layer F.SilkS) (width 0.1))
    (fp_line (start 2.8 -6.1) (end 2.8 -4.6) (layer F.SilkS) (width 0.1))
    (fp_line (start -10.1 -6.1) (end -10.5 -6.1) (layer F.SilkS) (width 0.1))
    (fp_line (start -10.5 -6.1) (end -11.4 -5.2) (layer F.SilkS) (width 0.1))
    (fp_line (start -11.4 -5.2) (end -11.4 -4.9) (layer F.SilkS) (width 0.1))
    (fp_line (start -11.4 -4.9) (end -11.6 -4.9) (layer F.SilkS) (width 0.1))
    (fp_line (start -11.3 -5.1) (end -11.3 6) (layer F.Fab) (width 0.1))
    (fp_line (start -10.4 -6) (end 2.7 -6) (layer F.Fab) (width 0.1))
    (fp_line (start -11.3 -5.1) (end -10.4 -6) (layer F.Fab) (width 0.1))
    (fp_text user %R (at -8.25 0 180) (layer F.Fab)
      (effects (font (size 1 1) (thickness 0.15)))
    )
    (fp_line (start 2.7 -6) (end 2.7 6) (layer F.Fab) (width 0.1))
    (fp_line (start -11.3 6) (end 2.7 6) (layer F.Fab) (width 0.1))
    (pad 3 thru_hole rect (at 0 -5 180) (size 2.5 1.8) (drill oval 1.5 0.8) (layers *.Cu *.Mask))
    (pad 2 thru_hole rect (at 0 5 180) (size 2.5 1.8) (drill oval 1.5 0.8) (layers *.Cu *.Mask))
    (pad 1 thru_hole rect (at -5 0 180) (size 1.8 2.5) (drill oval 0.8 1.5) (layers *.Cu *.Mask))
    (pad "" np_thru_hole circle (at 0 0 180) (size 1.2 1.2) (drill 1.2) (layers *.Cu *.Mask))
    (pad "" np_thru_hole circle (at -5 -5 180) (size 1.2 1.2) (drill 1.2) (layers *.Cu *.Mask))
    (pad "" np_thru_hole circle (at -7.5 -5 180) (size 1.2 1.2) (drill 1.2) (layers *.Cu *.Mask))
    (pad "" np_thru_hole circle (at -5 5 180) (size 1.2 1.2) (drill 1.2) (layers *.Cu *.Mask))
    (pad "" np_thru_hole circle (at -7.5 5 180) (size 1.2 1.2) (drill 1.2) (layers *.Cu *.Mask))
    (pad 11 thru_hole rect (at 0 -2.5 180) (size 2.5 1.8) (drill oval 1.5 0.8) (layers *.Cu *.Mask))
    (pad 10 thru_hole rect (at 0 2.5 180) (size 2.5 1.8) (drill oval 1.5 0.8) (layers *.Cu *.Mask))
    (model C:/Users/jacob/Desktop/CUI_SJ1-3525N/CUI_SJ1-3525N.step
      (offset (xyz -11.5 0 2.5))
      (scale (xyz 1 1 1))
      (rotate (xyz 0 0 180))
    )
  )

  (module headphone:Headphone_Jack_2.5mm_SJ1-3523N (layer F.Cu) (tedit 5CF08D08) (tstamp 5CF4812C)
    (at 93.05 108.804 180)
    (descr http://www.cui.com/product/resource/sj1-352xn-series.pdf)
    (fp_text reference CON1 (at -2.54 -0.0635 -90) (layer F.SilkS)
      (effects (font (size 1 1) (thickness 0.15)))
    )
    (fp_text value Headphone_Jack_2.5mm_SJ1-3523N (at -4.3815 10.668 180) (layer F.Fab)
      (effects (font (size 1 1) (thickness 0.15)))
    )
    (fp_line (start -11.3 6) (end 2.7 6) (layer F.Fab) (width 0.1))
    (fp_line (start 2.7 -6) (end 2.7 6) (layer F.Fab) (width 0.1))
    (fp_text user %R (at -8.25 0 180) (layer F.Fab)
      (effects (font (size 1 1) (thickness 0.15)))
    )
    (fp_line (start -11.3 -5.1) (end -10.4 -6) (layer F.Fab) (width 0.1))
    (fp_line (start -10.4 -6) (end 2.7 -6) (layer F.Fab) (width 0.1))
    (fp_line (start -11.3 -5.1) (end -11.3 6) (layer F.Fab) (width 0.1))
    (fp_line (start -11.4 -4.9) (end -11.6 -4.9) (layer F.SilkS) (width 0.1))
    (fp_line (start -11.4 -5.2) (end -11.4 -4.9) (layer F.SilkS) (width 0.1))
    (fp_line (start -10.5 -6.1) (end -11.4 -5.2) (layer F.SilkS) (width 0.1))
    (fp_line (start -10.1 -6.1) (end -10.5 -6.1) (layer F.SilkS) (width 0.1))
    (fp_line (start 2.8 -6.1) (end 2.8 -4.6) (layer F.SilkS) (width 0.1))
    (fp_line (start 2.2 -6.1) (end 2.8 -6.1) (layer F.SilkS) (width 0.1))
    (fp_line (start 2.8 6.1) (end 2.8 4.7) (layer F.SilkS) (width 0.1))
    (fp_line (start 2.2 6.1) (end 2.8 6.1) (layer F.SilkS) (width 0.1))
    (fp_line (start -11.4 6.1) (end -11.4 4.9) (layer F.SilkS) (width 0.1))
    (fp_line (start -10.8 6.1) (end -11.4 6.1) (layer F.SilkS) (width 0.1))
    (fp_line (start -11.75 6.25) (end 3.25 6.25) (layer F.CrtYd) (width 0.05))
    (fp_line (start -11.75 -6.25) (end -11.75 6.25) (layer F.CrtYd) (width 0.05))
    (fp_line (start 3.25 -6.25) (end 3.25 6.25) (layer F.CrtYd) (width 0.05))
    (fp_line (start -11.75 -6.25) (end 3.25 -6.25) (layer F.CrtYd) (width 0.05))
    (pad 10 thru_hole rect (at 0 2.5 180) (size 2.5 1.8) (drill oval 1.5 0.8) (layers *.Cu *.Mask))
    (pad 11 thru_hole rect (at 0 -2.5 180) (size 2.5 1.8) (drill oval 1.5 0.8) (layers *.Cu *.Mask))
    (pad "" np_thru_hole circle (at -7.5 5 180) (size 1.2 1.2) (drill 1.2) (layers *.Cu *.Mask))
    (pad "" np_thru_hole circle (at -5 5 180) (size 1.2 1.2) (drill 1.2) (layers *.Cu *.Mask))
    (pad "" np_thru_hole circle (at -7.5 -5 180) (size 1.2 1.2) (drill 1.2) (layers *.Cu *.Mask))
    (pad "" np_thru_hole circle (at -5 -5 180) (size 1.2 1.2) (drill 1.2) (layers *.Cu *.Mask))
    (pad "" np_thru_hole circle (at 0 0 180) (size 1.2 1.2) (drill 1.2) (layers *.Cu *.Mask))
    (pad 1 thru_hole rect (at -5 0 180) (size 1.8 2.5) (drill oval 0.8 1.5) (layers *.Cu *.Mask))
    (pad 2 thru_hole rect (at 0 5 180) (size 2.5 1.8) (drill oval 1.5 0.8) (layers *.Cu *.Mask))
    (pad 3 thru_hole rect (at 0 -5 180) (size 2.5 1.8) (drill oval 1.5 0.8) (layers *.Cu *.Mask))
    (model C:/Users/jacob/Desktop/CUI_SJ1-3525N/CUI_SJ1-3525N.step
      (offset (xyz -11.5 0 2.5))
      (scale (xyz 1 1 1))
      (rotate (xyz 0 0 180))
    )
  )

  (module headphone:Headphone_Jack_2.5mm_SJ1-3523N (layer F.Cu) (tedit 5CF08D08) (tstamp 5CF4810B)
    (at 110.05 108.804)
    (descr http://www.cui.com/product/resource/sj1-352xn-series.pdf)
    (fp_text reference CON1 (at -2.54 -0.0635 -270) (layer F.SilkS)
      (effects (font (size 1 1) (thickness 0.15)))
    )
    (fp_text value Headphone_Jack_2.5mm_SJ1-3523N (at -4.3815 10.668) (layer F.Fab)
      (effects (font (size 1 1) (thickness 0.15)))
    )
    (fp_line (start -11.75 -6.25) (end 3.25 -6.25) (layer F.CrtYd) (width 0.05))
    (fp_line (start 3.25 -6.25) (end 3.25 6.25) (layer F.CrtYd) (width 0.05))
    (fp_line (start -11.75 -6.25) (end -11.75 6.25) (layer F.CrtYd) (width 0.05))
    (fp_line (start -11.75 6.25) (end 3.25 6.25) (layer F.CrtYd) (width 0.05))
    (fp_line (start -10.8 6.1) (end -11.4 6.1) (layer F.SilkS) (width 0.1))
    (fp_line (start -11.4 6.1) (end -11.4 4.9) (layer F.SilkS) (width 0.1))
    (fp_line (start 2.2 6.1) (end 2.8 6.1) (layer F.SilkS) (width 0.1))
    (fp_line (start 2.8 6.1) (end 2.8 4.7) (layer F.SilkS) (width 0.1))
    (fp_line (start 2.2 -6.1) (end 2.8 -6.1) (layer F.SilkS) (width 0.1))
    (fp_line (start 2.8 -6.1) (end 2.8 -4.6) (layer F.SilkS) (width 0.1))
    (fp_line (start -10.1 -6.1) (end -10.5 -6.1) (layer F.SilkS) (width 0.1))
    (fp_line (start -10.5 -6.1) (end -11.4 -5.2) (layer F.SilkS) (width 0.1))
    (fp_line (start -11.4 -5.2) (end -11.4 -4.9) (layer F.SilkS) (width 0.1))
    (fp_line (start -11.4 -4.9) (end -11.6 -4.9) (layer F.SilkS) (width 0.1))
    (fp_line (start -11.3 -5.1) (end -11.3 6) (layer F.Fab) (width 0.1))
    (fp_line (start -10.4 -6) (end 2.7 -6) (layer F.Fab) (width 0.1))
    (fp_line (start -11.3 -5.1) (end -10.4 -6) (layer F.Fab) (width 0.1))
    (fp_text user %R (at -8.25 0) (layer F.Fab)
      (effects (font (size 1 1) (thickness 0.15)))
    )
    (fp_line (start 2.7 -6) (end 2.7 6) (layer F.Fab) (width 0.1))
    (fp_line (start -11.3 6) (end 2.7 6) (layer F.Fab) (width 0.1))
    (pad 3 thru_hole rect (at 0 -5) (size 2.5 1.8) (drill oval 1.5 0.8) (layers *.Cu *.Mask))
    (pad 2 thru_hole rect (at 0 5) (size 2.5 1.8) (drill oval 1.5 0.8) (layers *.Cu *.Mask))
    (pad 1 thru_hole rect (at -5 0) (size 1.8 2.5) (drill oval 0.8 1.5) (layers *.Cu *.Mask))
    (pad "" np_thru_hole circle (at 0 0) (size 1.2 1.2) (drill 1.2) (layers *.Cu *.Mask))
    (pad "" np_thru_hole circle (at -5 -5) (size 1.2 1.2) (drill 1.2) (layers *.Cu *.Mask))
    (pad "" np_thru_hole circle (at -7.5 -5) (size 1.2 1.2) (drill 1.2) (layers *.Cu *.Mask))
    (pad "" np_thru_hole circle (at -5 5) (size 1.2 1.2) (drill 1.2) (layers *.Cu *.Mask))
    (pad "" np_thru_hole circle (at -7.5 5) (size 1.2 1.2) (drill 1.2) (layers *.Cu *.Mask))
    (pad 11 thru_hole rect (at 0 -2.5) (size 2.5 1.8) (drill oval 1.5 0.8) (layers *.Cu *.Mask))
    (pad 10 thru_hole rect (at 0 2.5) (size 2.5 1.8) (drill oval 1.5 0.8) (layers *.Cu *.Mask))
    (model C:/Users/jacob/Desktop/CUI_SJ1-3525N/CUI_SJ1-3525N.step
      (offset (xyz -11.5 0 2.5))
      (scale (xyz 1 1 1))
      (rotate (xyz 0 0 180))
    )
  )

  (module headphone:Headphone_Jack_2.5mm_SJ1-3523N (layer F.Cu) (tedit 5CF08D08) (tstamp 5CF480EA)
    (at 110.05 130.004)
    (descr http://www.cui.com/product/resource/sj1-352xn-series.pdf)
    (fp_text reference CON1 (at -2.54 -0.0635 -270) (layer F.SilkS)
      (effects (font (size 1 1) (thickness 0.15)))
    )
    (fp_text value Headphone_Jack_2.5mm_SJ1-3523N (at -4.3815 10.668) (layer F.Fab)
      (effects (font (size 1 1) (thickness 0.15)))
    )
    (fp_line (start -11.3 6) (end 2.7 6) (layer F.Fab) (width 0.1))
    (fp_line (start 2.7 -6) (end 2.7 6) (layer F.Fab) (width 0.1))
    (fp_text user %R (at -8.25 0) (layer F.Fab)
      (effects (font (size 1 1) (thickness 0.15)))
    )
    (fp_line (start -11.3 -5.1) (end -10.4 -6) (layer F.Fab) (width 0.1))
    (fp_line (start -10.4 -6) (end 2.7 -6) (layer F.Fab) (width 0.1))
    (fp_line (start -11.3 -5.1) (end -11.3 6) (layer F.Fab) (width 0.1))
    (fp_line (start -11.4 -4.9) (end -11.6 -4.9) (layer F.SilkS) (width 0.1))
    (fp_line (start -11.4 -5.2) (end -11.4 -4.9) (layer F.SilkS) (width 0.1))
    (fp_line (start -10.5 -6.1) (end -11.4 -5.2) (layer F.SilkS) (width 0.1))
    (fp_line (start -10.1 -6.1) (end -10.5 -6.1) (layer F.SilkS) (width 0.1))
    (fp_line (start 2.8 -6.1) (end 2.8 -4.6) (layer F.SilkS) (width 0.1))
    (fp_line (start 2.2 -6.1) (end 2.8 -6.1) (layer F.SilkS) (width 0.1))
    (fp_line (start 2.8 6.1) (end 2.8 4.7) (layer F.SilkS) (width 0.1))
    (fp_line (start 2.2 6.1) (end 2.8 6.1) (layer F.SilkS) (width 0.1))
    (fp_line (start -11.4 6.1) (end -11.4 4.9) (layer F.SilkS) (width 0.1))
    (fp_line (start -10.8 6.1) (end -11.4 6.1) (layer F.SilkS) (width 0.1))
    (fp_line (start -11.75 6.25) (end 3.25 6.25) (layer F.CrtYd) (width 0.05))
    (fp_line (start -11.75 -6.25) (end -11.75 6.25) (layer F.CrtYd) (width 0.05))
    (fp_line (start 3.25 -6.25) (end 3.25 6.25) (layer F.CrtYd) (width 0.05))
    (fp_line (start -11.75 -6.25) (end 3.25 -6.25) (layer F.CrtYd) (width 0.05))
    (pad 10 thru_hole rect (at 0 2.5) (size 2.5 1.8) (drill oval 1.5 0.8) (layers *.Cu *.Mask))
    (pad 11 thru_hole rect (at 0 -2.5) (size 2.5 1.8) (drill oval 1.5 0.8) (layers *.Cu *.Mask))
    (pad "" np_thru_hole circle (at -7.5 5) (size 1.2 1.2) (drill 1.2) (layers *.Cu *.Mask))
    (pad "" np_thru_hole circle (at -5 5) (size 1.2 1.2) (drill 1.2) (layers *.Cu *.Mask))
    (pad "" np_thru_hole circle (at -7.5 -5) (size 1.2 1.2) (drill 1.2) (layers *.Cu *.Mask))
    (pad "" np_thru_hole circle (at -5 -5) (size 1.2 1.2) (drill 1.2) (layers *.Cu *.Mask))
    (pad "" np_thru_hole circle (at 0 0) (size 1.2 1.2) (drill 1.2) (layers *.Cu *.Mask))
    (pad 1 thru_hole rect (at -5 0) (size 1.8 2.5) (drill oval 0.8 1.5) (layers *.Cu *.Mask))
    (pad 2 thru_hole rect (at 0 5) (size 2.5 1.8) (drill oval 1.5 0.8) (layers *.Cu *.Mask))
    (pad 3 thru_hole rect (at 0 -5) (size 2.5 1.8) (drill oval 1.5 0.8) (layers *.Cu *.Mask))
    (model C:/Users/jacob/Desktop/CUI_SJ1-3525N/CUI_SJ1-3525N.step
      (offset (xyz -11.5 0 2.5))
      (scale (xyz 1 1 1))
      (rotate (xyz 0 0 180))
    )
  )

  (module headphone:Headphone_Jack_2.5mm_SJ1-3523N (layer F.Cu) (tedit 5CF08D08) (tstamp 5CF476DC)
    (at 157.05 108.804)
    (descr http://www.cui.com/product/resource/sj1-352xn-series.pdf)
    (fp_text reference CON1 (at -2.54 -0.0635 -270) (layer F.SilkS)
      (effects (font (size 1 1) (thickness 0.15)))
    )
    (fp_text value Headphone_Jack_2.5mm_SJ1-3523N (at -4.3815 10.668) (layer F.Fab)
      (effects (font (size 1 1) (thickness 0.15)))
    )
    (fp_line (start -11.3 6) (end 2.7 6) (layer F.Fab) (width 0.1))
    (fp_line (start 2.7 -6) (end 2.7 6) (layer F.Fab) (width 0.1))
    (fp_text user %R (at -8.25 0) (layer F.Fab)
      (effects (font (size 1 1) (thickness 0.15)))
    )
    (fp_line (start -11.3 -5.1) (end -10.4 -6) (layer F.Fab) (width 0.1))
    (fp_line (start -10.4 -6) (end 2.7 -6) (layer F.Fab) (width 0.1))
    (fp_line (start -11.3 -5.1) (end -11.3 6) (layer F.Fab) (width 0.1))
    (fp_line (start -11.4 -4.9) (end -11.6 -4.9) (layer F.SilkS) (width 0.1))
    (fp_line (start -11.4 -5.2) (end -11.4 -4.9) (layer F.SilkS) (width 0.1))
    (fp_line (start -10.5 -6.1) (end -11.4 -5.2) (layer F.SilkS) (width 0.1))
    (fp_line (start -10.1 -6.1) (end -10.5 -6.1) (layer F.SilkS) (width 0.1))
    (fp_line (start 2.8 -6.1) (end 2.8 -4.6) (layer F.SilkS) (width 0.1))
    (fp_line (start 2.2 -6.1) (end 2.8 -6.1) (layer F.SilkS) (width 0.1))
    (fp_line (start 2.8 6.1) (end 2.8 4.7) (layer F.SilkS) (width 0.1))
    (fp_line (start 2.2 6.1) (end 2.8 6.1) (layer F.SilkS) (width 0.1))
    (fp_line (start -11.4 6.1) (end -11.4 4.9) (layer F.SilkS) (width 0.1))
    (fp_line (start -10.8 6.1) (end -11.4 6.1) (layer F.SilkS) (width 0.1))
    (fp_line (start -11.75 6.25) (end 3.25 6.25) (layer F.CrtYd) (width 0.05))
    (fp_line (start -11.75 -6.25) (end -11.75 6.25) (layer F.CrtYd) (width 0.05))
    (fp_line (start 3.25 -6.25) (end 3.25 6.25) (layer F.CrtYd) (width 0.05))
    (fp_line (start -11.75 -6.25) (end 3.25 -6.25) (layer F.CrtYd) (width 0.05))
    (pad 10 thru_hole rect (at 0 2.5) (size 2.5 1.8) (drill oval 1.5 0.8) (layers *.Cu *.Mask))
    (pad 11 thru_hole rect (at 0 -2.5) (size 2.5 1.8) (drill oval 1.5 0.8) (layers *.Cu *.Mask))
    (pad "" np_thru_hole circle (at -7.5 5) (size 1.2 1.2) (drill 1.2) (layers *.Cu *.Mask))
    (pad "" np_thru_hole circle (at -5 5) (size 1.2 1.2) (drill 1.2) (layers *.Cu *.Mask))
    (pad "" np_thru_hole circle (at -7.5 -5) (size 1.2 1.2) (drill 1.2) (layers *.Cu *.Mask))
    (pad "" np_thru_hole circle (at -5 -5) (size 1.2 1.2) (drill 1.2) (layers *.Cu *.Mask))
    (pad "" np_thru_hole circle (at 0 0) (size 1.2 1.2) (drill 1.2) (layers *.Cu *.Mask))
    (pad 1 thru_hole rect (at -5 0) (size 1.8 2.5) (drill oval 0.8 1.5) (layers *.Cu *.Mask))
    (pad 2 thru_hole rect (at 0 5) (size 2.5 1.8) (drill oval 1.5 0.8) (layers *.Cu *.Mask))
    (pad 3 thru_hole rect (at 0 -5) (size 2.5 1.8) (drill oval 1.5 0.8) (layers *.Cu *.Mask))
    (model C:/Users/jacob/Desktop/CUI_SJ1-3525N/CUI_SJ1-3525N.step
      (offset (xyz -11.5 0 2.5))
      (scale (xyz 1 1 1))
      (rotate (xyz 0 0 180))
    )
  )

  (module headphone:Headphone_Jack_2.5mm_SJ1-3523N (layer F.Cu) (tedit 5CF08D08) (tstamp 5CF476BB)
    (at 140.05 108.804 180)
    (descr http://www.cui.com/product/resource/sj1-352xn-series.pdf)
    (fp_text reference CON1 (at -2.54 -0.0635 -90) (layer F.SilkS)
      (effects (font (size 1 1) (thickness 0.15)))
    )
    (fp_text value Headphone_Jack_2.5mm_SJ1-3523N (at -4.3815 10.668 180) (layer F.Fab)
      (effects (font (size 1 1) (thickness 0.15)))
    )
    (fp_line (start -11.75 -6.25) (end 3.25 -6.25) (layer F.CrtYd) (width 0.05))
    (fp_line (start 3.25 -6.25) (end 3.25 6.25) (layer F.CrtYd) (width 0.05))
    (fp_line (start -11.75 -6.25) (end -11.75 6.25) (layer F.CrtYd) (width 0.05))
    (fp_line (start -11.75 6.25) (end 3.25 6.25) (layer F.CrtYd) (width 0.05))
    (fp_line (start -10.8 6.1) (end -11.4 6.1) (layer F.SilkS) (width 0.1))
    (fp_line (start -11.4 6.1) (end -11.4 4.9) (layer F.SilkS) (width 0.1))
    (fp_line (start 2.2 6.1) (end 2.8 6.1) (layer F.SilkS) (width 0.1))
    (fp_line (start 2.8 6.1) (end 2.8 4.7) (layer F.SilkS) (width 0.1))
    (fp_line (start 2.2 -6.1) (end 2.8 -6.1) (layer F.SilkS) (width 0.1))
    (fp_line (start 2.8 -6.1) (end 2.8 -4.6) (layer F.SilkS) (width 0.1))
    (fp_line (start -10.1 -6.1) (end -10.5 -6.1) (layer F.SilkS) (width 0.1))
    (fp_line (start -10.5 -6.1) (end -11.4 -5.2) (layer F.SilkS) (width 0.1))
    (fp_line (start -11.4 -5.2) (end -11.4 -4.9) (layer F.SilkS) (width 0.1))
    (fp_line (start -11.4 -4.9) (end -11.6 -4.9) (layer F.SilkS) (width 0.1))
    (fp_line (start -11.3 -5.1) (end -11.3 6) (layer F.Fab) (width 0.1))
    (fp_line (start -10.4 -6) (end 2.7 -6) (layer F.Fab) (width 0.1))
    (fp_line (start -11.3 -5.1) (end -10.4 -6) (layer F.Fab) (width 0.1))
    (fp_text user %R (at -8.25 0 180) (layer F.Fab)
      (effects (font (size 1 1) (thickness 0.15)))
    )
    (fp_line (start 2.7 -6) (end 2.7 6) (layer F.Fab) (width 0.1))
    (fp_line (start -11.3 6) (end 2.7 6) (layer F.Fab) (width 0.1))
    (pad 3 thru_hole rect (at 0 -5 180) (size 2.5 1.8) (drill oval 1.5 0.8) (layers *.Cu *.Mask))
    (pad 2 thru_hole rect (at 0 5 180) (size 2.5 1.8) (drill oval 1.5 0.8) (layers *.Cu *.Mask))
    (pad 1 thru_hole rect (at -5 0 180) (size 1.8 2.5) (drill oval 0.8 1.5) (layers *.Cu *.Mask))
    (pad "" np_thru_hole circle (at 0 0 180) (size 1.2 1.2) (drill 1.2) (layers *.Cu *.Mask))
    (pad "" np_thru_hole circle (at -5 -5 180) (size 1.2 1.2) (drill 1.2) (layers *.Cu *.Mask))
    (pad "" np_thru_hole circle (at -7.5 -5 180) (size 1.2 1.2) (drill 1.2) (layers *.Cu *.Mask))
    (pad "" np_thru_hole circle (at -5 5 180) (size 1.2 1.2) (drill 1.2) (layers *.Cu *.Mask))
    (pad "" np_thru_hole circle (at -7.5 5 180) (size 1.2 1.2) (drill 1.2) (layers *.Cu *.Mask))
    (pad 11 thru_hole rect (at 0 -2.5 180) (size 2.5 1.8) (drill oval 1.5 0.8) (layers *.Cu *.Mask))
    (pad 10 thru_hole rect (at 0 2.5 180) (size 2.5 1.8) (drill oval 1.5 0.8) (layers *.Cu *.Mask))
    (model C:/Users/jacob/Desktop/CUI_SJ1-3525N/CUI_SJ1-3525N.step
      (offset (xyz -11.5 0 2.5))
      (scale (xyz 1 1 1))
      (rotate (xyz 0 0 180))
    )
  )

  (module headphone:Headphone_Jack_2.5mm_SJ1-3523N (layer F.Cu) (tedit 5CF08D08) (tstamp 5CF4769A)
    (at 140.05 130.004 180)
    (descr http://www.cui.com/product/resource/sj1-352xn-series.pdf)
    (fp_text reference CON1 (at -2.54 -0.0635 -90) (layer F.SilkS)
      (effects (font (size 1 1) (thickness 0.15)))
    )
    (fp_text value Headphone_Jack_2.5mm_SJ1-3523N (at -4.3815 10.668 180) (layer F.Fab)
      (effects (font (size 1 1) (thickness 0.15)))
    )
    (fp_line (start -11.3 6) (end 2.7 6) (layer F.Fab) (width 0.1))
    (fp_line (start 2.7 -6) (end 2.7 6) (layer F.Fab) (width 0.1))
    (fp_text user %R (at -8.25 0 180) (layer F.Fab)
      (effects (font (size 1 1) (thickness 0.15)))
    )
    (fp_line (start -11.3 -5.1) (end -10.4 -6) (layer F.Fab) (width 0.1))
    (fp_line (start -10.4 -6) (end 2.7 -6) (layer F.Fab) (width 0.1))
    (fp_line (start -11.3 -5.1) (end -11.3 6) (layer F.Fab) (width 0.1))
    (fp_line (start -11.4 -4.9) (end -11.6 -4.9) (layer F.SilkS) (width 0.1))
    (fp_line (start -11.4 -5.2) (end -11.4 -4.9) (layer F.SilkS) (width 0.1))
    (fp_line (start -10.5 -6.1) (end -11.4 -5.2) (layer F.SilkS) (width 0.1))
    (fp_line (start -10.1 -6.1) (end -10.5 -6.1) (layer F.SilkS) (width 0.1))
    (fp_line (start 2.8 -6.1) (end 2.8 -4.6) (layer F.SilkS) (width 0.1))
    (fp_line (start 2.2 -6.1) (end 2.8 -6.1) (layer F.SilkS) (width 0.1))
    (fp_line (start 2.8 6.1) (end 2.8 4.7) (layer F.SilkS) (width 0.1))
    (fp_line (start 2.2 6.1) (end 2.8 6.1) (layer F.SilkS) (width 0.1))
    (fp_line (start -11.4 6.1) (end -11.4 4.9) (layer F.SilkS) (width 0.1))
    (fp_line (start -10.8 6.1) (end -11.4 6.1) (layer F.SilkS) (width 0.1))
    (fp_line (start -11.75 6.25) (end 3.25 6.25) (layer F.CrtYd) (width 0.05))
    (fp_line (start -11.75 -6.25) (end -11.75 6.25) (layer F.CrtYd) (width 0.05))
    (fp_line (start 3.25 -6.25) (end 3.25 6.25) (layer F.CrtYd) (width 0.05))
    (fp_line (start -11.75 -6.25) (end 3.25 -6.25) (layer F.CrtYd) (width 0.05))
    (pad 10 thru_hole rect (at 0 2.5 180) (size 2.5 1.8) (drill oval 1.5 0.8) (layers *.Cu *.Mask))
    (pad 11 thru_hole rect (at 0 -2.5 180) (size 2.5 1.8) (drill oval 1.5 0.8) (layers *.Cu *.Mask))
    (pad "" np_thru_hole circle (at -7.5 5 180) (size 1.2 1.2) (drill 1.2) (layers *.Cu *.Mask))
    (pad "" np_thru_hole circle (at -5 5 180) (size 1.2 1.2) (drill 1.2) (layers *.Cu *.Mask))
    (pad "" np_thru_hole circle (at -7.5 -5 180) (size 1.2 1.2) (drill 1.2) (layers *.Cu *.Mask))
    (pad "" np_thru_hole circle (at -5 -5 180) (size 1.2 1.2) (drill 1.2) (layers *.Cu *.Mask))
    (pad "" np_thru_hole circle (at 0 0 180) (size 1.2 1.2) (drill 1.2) (layers *.Cu *.Mask))
    (pad 1 thru_hole rect (at -5 0 180) (size 1.8 2.5) (drill oval 0.8 1.5) (layers *.Cu *.Mask))
    (pad 2 thru_hole rect (at 0 5 180) (size 2.5 1.8) (drill oval 1.5 0.8) (layers *.Cu *.Mask))
    (pad 3 thru_hole rect (at 0 -5 180) (size 2.5 1.8) (drill oval 1.5 0.8) (layers *.Cu *.Mask))
    (model C:/Users/jacob/Desktop/CUI_SJ1-3525N/CUI_SJ1-3525N.step
      (offset (xyz -11.5 0 2.5))
      (scale (xyz 1 1 1))
      (rotate (xyz 0 0 180))
    )
  )

  (module headphone:Headphone_Jack_2.5mm_SJ1-3523N (layer F.Cu) (tedit 5CF08D08) (tstamp 5CF47679)
    (at 157.05 130.004)
    (descr http://www.cui.com/product/resource/sj1-352xn-series.pdf)
    (fp_text reference CON1 (at -2.54 -0.0635 -270) (layer F.SilkS)
      (effects (font (size 1 1) (thickness 0.15)))
    )
    (fp_text value Headphone_Jack_2.5mm_SJ1-3523N (at -4.3815 10.668) (layer F.Fab)
      (effects (font (size 1 1) (thickness 0.15)))
    )
    (fp_line (start -11.75 -6.25) (end 3.25 -6.25) (layer F.CrtYd) (width 0.05))
    (fp_line (start 3.25 -6.25) (end 3.25 6.25) (layer F.CrtYd) (width 0.05))
    (fp_line (start -11.75 -6.25) (end -11.75 6.25) (layer F.CrtYd) (width 0.05))
    (fp_line (start -11.75 6.25) (end 3.25 6.25) (layer F.CrtYd) (width 0.05))
    (fp_line (start -10.8 6.1) (end -11.4 6.1) (layer F.SilkS) (width 0.1))
    (fp_line (start -11.4 6.1) (end -11.4 4.9) (layer F.SilkS) (width 0.1))
    (fp_line (start 2.2 6.1) (end 2.8 6.1) (layer F.SilkS) (width 0.1))
    (fp_line (start 2.8 6.1) (end 2.8 4.7) (layer F.SilkS) (width 0.1))
    (fp_line (start 2.2 -6.1) (end 2.8 -6.1) (layer F.SilkS) (width 0.1))
    (fp_line (start 2.8 -6.1) (end 2.8 -4.6) (layer F.SilkS) (width 0.1))
    (fp_line (start -10.1 -6.1) (end -10.5 -6.1) (layer F.SilkS) (width 0.1))
    (fp_line (start -10.5 -6.1) (end -11.4 -5.2) (layer F.SilkS) (width 0.1))
    (fp_line (start -11.4 -5.2) (end -11.4 -4.9) (layer F.SilkS) (width 0.1))
    (fp_line (start -11.4 -4.9) (end -11.6 -4.9) (layer F.SilkS) (width 0.1))
    (fp_line (start -11.3 -5.1) (end -11.3 6) (layer F.Fab) (width 0.1))
    (fp_line (start -10.4 -6) (end 2.7 -6) (layer F.Fab) (width 0.1))
    (fp_line (start -11.3 -5.1) (end -10.4 -6) (layer F.Fab) (width 0.1))
    (fp_text user %R (at -8.25 0) (layer F.Fab)
      (effects (font (size 1 1) (thickness 0.15)))
    )
    (fp_line (start 2.7 -6) (end 2.7 6) (layer F.Fab) (width 0.1))
    (fp_line (start -11.3 6) (end 2.7 6) (layer F.Fab) (width 0.1))
    (pad 3 thru_hole rect (at 0 -5) (size 2.5 1.8) (drill oval 1.5 0.8) (layers *.Cu *.Mask))
    (pad 2 thru_hole rect (at 0 5) (size 2.5 1.8) (drill oval 1.5 0.8) (layers *.Cu *.Mask))
    (pad 1 thru_hole rect (at -5 0) (size 1.8 2.5) (drill oval 0.8 1.5) (layers *.Cu *.Mask))
    (pad "" np_thru_hole circle (at 0 0) (size 1.2 1.2) (drill 1.2) (layers *.Cu *.Mask))
    (pad "" np_thru_hole circle (at -5 -5) (size 1.2 1.2) (drill 1.2) (layers *.Cu *.Mask))
    (pad "" np_thru_hole circle (at -7.5 -5) (size 1.2 1.2) (drill 1.2) (layers *.Cu *.Mask))
    (pad "" np_thru_hole circle (at -5 5) (size 1.2 1.2) (drill 1.2) (layers *.Cu *.Mask))
    (pad "" np_thru_hole circle (at -7.5 5) (size 1.2 1.2) (drill 1.2) (layers *.Cu *.Mask))
    (pad 11 thru_hole rect (at 0 -2.5) (size 2.5 1.8) (drill oval 1.5 0.8) (layers *.Cu *.Mask))
    (pad 10 thru_hole rect (at 0 2.5) (size 2.5 1.8) (drill oval 1.5 0.8) (layers *.Cu *.Mask))
    (model C:/Users/jacob/Desktop/CUI_SJ1-3525N/CUI_SJ1-3525N.step
      (offset (xyz -11.5 0 2.5))
      (scale (xyz 1 1 1))
      (rotate (xyz 0 0 180))
    )
  )

  (module headphone:Headphone_Jack_2.5mm_SJ1-3523N (layer F.Cu) (tedit 5CF08D08) (tstamp 5CF16236)
    (at 140.05 66.404 180)
    (descr http://www.cui.com/product/resource/sj1-352xn-series.pdf)
    (fp_text reference CON1 (at -2.54 -0.0635 -90) (layer F.SilkS)
      (effects (font (size 1 1) (thickness 0.15)))
    )
    (fp_text value Headphone_Jack_2.5mm_SJ1-3523N (at -4.3815 10.668 180) (layer F.Fab)
      (effects (font (size 1 1) (thickness 0.15)))
    )
    (fp_line (start -11.3 6) (end 2.7 6) (layer F.Fab) (width 0.1))
    (fp_line (start 2.7 -6) (end 2.7 6) (layer F.Fab) (width 0.1))
    (fp_text user %R (at -8.25 0 180) (layer F.Fab)
      (effects (font (size 1 1) (thickness 0.15)))
    )
    (fp_line (start -11.3 -5.1) (end -10.4 -6) (layer F.Fab) (width 0.1))
    (fp_line (start -10.4 -6) (end 2.7 -6) (layer F.Fab) (width 0.1))
    (fp_line (start -11.3 -5.1) (end -11.3 6) (layer F.Fab) (width 0.1))
    (fp_line (start -11.4 -4.9) (end -11.6 -4.9) (layer F.SilkS) (width 0.1))
    (fp_line (start -11.4 -5.2) (end -11.4 -4.9) (layer F.SilkS) (width 0.1))
    (fp_line (start -10.5 -6.1) (end -11.4 -5.2) (layer F.SilkS) (width 0.1))
    (fp_line (start -10.1 -6.1) (end -10.5 -6.1) (layer F.SilkS) (width 0.1))
    (fp_line (start 2.8 -6.1) (end 2.8 -4.6) (layer F.SilkS) (width 0.1))
    (fp_line (start 2.2 -6.1) (end 2.8 -6.1) (layer F.SilkS) (width 0.1))
    (fp_line (start 2.8 6.1) (end 2.8 4.7) (layer F.SilkS) (width 0.1))
    (fp_line (start 2.2 6.1) (end 2.8 6.1) (layer F.SilkS) (width 0.1))
    (fp_line (start -11.4 6.1) (end -11.4 4.9) (layer F.SilkS) (width 0.1))
    (fp_line (start -10.8 6.1) (end -11.4 6.1) (layer F.SilkS) (width 0.1))
    (fp_line (start -11.75 6.25) (end 3.25 6.25) (layer F.CrtYd) (width 0.05))
    (fp_line (start -11.75 -6.25) (end -11.75 6.25) (layer F.CrtYd) (width 0.05))
    (fp_line (start 3.25 -6.25) (end 3.25 6.25) (layer F.CrtYd) (width 0.05))
    (fp_line (start -11.75 -6.25) (end 3.25 -6.25) (layer F.CrtYd) (width 0.05))
    (pad 10 thru_hole rect (at 0 2.5 180) (size 2.5 1.8) (drill oval 1.5 0.8) (layers *.Cu *.Mask))
    (pad 11 thru_hole rect (at 0 -2.5 180) (size 2.5 1.8) (drill oval 1.5 0.8) (layers *.Cu *.Mask))
    (pad "" np_thru_hole circle (at -7.5 5 180) (size 1.2 1.2) (drill 1.2) (layers *.Cu *.Mask))
    (pad "" np_thru_hole circle (at -5 5 180) (size 1.2 1.2) (drill 1.2) (layers *.Cu *.Mask))
    (pad "" np_thru_hole circle (at -7.5 -5 180) (size 1.2 1.2) (drill 1.2) (layers *.Cu *.Mask))
    (pad "" np_thru_hole circle (at -5 -5 180) (size 1.2 1.2) (drill 1.2) (layers *.Cu *.Mask))
    (pad "" np_thru_hole circle (at 0 0 180) (size 1.2 1.2) (drill 1.2) (layers *.Cu *.Mask))
    (pad 1 thru_hole rect (at -5 0 180) (size 1.8 2.5) (drill oval 0.8 1.5) (layers *.Cu *.Mask))
    (pad 2 thru_hole rect (at 0 5 180) (size 2.5 1.8) (drill oval 1.5 0.8) (layers *.Cu *.Mask))
    (pad 3 thru_hole rect (at 0 -5 180) (size 2.5 1.8) (drill oval 1.5 0.8) (layers *.Cu *.Mask))
    (model C:/Users/jacob/Desktop/CUI_SJ1-3525N/CUI_SJ1-3525N.step
      (offset (xyz -11.5 0 2.5))
      (scale (xyz 1 1 1))
      (rotate (xyz 0 0 180))
    )
  )

  (module headphone:Headphone_Jack_2.5mm_SJ1-3523N (layer F.Cu) (tedit 5CF08D08) (tstamp 5CF161D3)
    (at 157.05 66.404)
    (descr http://www.cui.com/product/resource/sj1-352xn-series.pdf)
    (fp_text reference CON1 (at -2.54 -0.0635 -270) (layer F.SilkS)
      (effects (font (size 1 1) (thickness 0.15)))
    )
    (fp_text value Headphone_Jack_2.5mm_SJ1-3523N (at -4.3815 10.668) (layer F.Fab)
      (effects (font (size 1 1) (thickness 0.15)))
    )
    (fp_line (start -11.75 -6.25) (end 3.25 -6.25) (layer F.CrtYd) (width 0.05))
    (fp_line (start 3.25 -6.25) (end 3.25 6.25) (layer F.CrtYd) (width 0.05))
    (fp_line (start -11.75 -6.25) (end -11.75 6.25) (layer F.CrtYd) (width 0.05))
    (fp_line (start -11.75 6.25) (end 3.25 6.25) (layer F.CrtYd) (width 0.05))
    (fp_line (start -10.8 6.1) (end -11.4 6.1) (layer F.SilkS) (width 0.1))
    (fp_line (start -11.4 6.1) (end -11.4 4.9) (layer F.SilkS) (width 0.1))
    (fp_line (start 2.2 6.1) (end 2.8 6.1) (layer F.SilkS) (width 0.1))
    (fp_line (start 2.8 6.1) (end 2.8 4.7) (layer F.SilkS) (width 0.1))
    (fp_line (start 2.2 -6.1) (end 2.8 -6.1) (layer F.SilkS) (width 0.1))
    (fp_line (start 2.8 -6.1) (end 2.8 -4.6) (layer F.SilkS) (width 0.1))
    (fp_line (start -10.1 -6.1) (end -10.5 -6.1) (layer F.SilkS) (width 0.1))
    (fp_line (start -10.5 -6.1) (end -11.4 -5.2) (layer F.SilkS) (width 0.1))
    (fp_line (start -11.4 -5.2) (end -11.4 -4.9) (layer F.SilkS) (width 0.1))
    (fp_line (start -11.4 -4.9) (end -11.6 -4.9) (layer F.SilkS) (width 0.1))
    (fp_line (start -11.3 -5.1) (end -11.3 6) (layer F.Fab) (width 0.1))
    (fp_line (start -10.4 -6) (end 2.7 -6) (layer F.Fab) (width 0.1))
    (fp_line (start -11.3 -5.1) (end -10.4 -6) (layer F.Fab) (width 0.1))
    (fp_text user %R (at -8.25 0) (layer F.Fab)
      (effects (font (size 1 1) (thickness 0.15)))
    )
    (fp_line (start 2.7 -6) (end 2.7 6) (layer F.Fab) (width 0.1))
    (fp_line (start -11.3 6) (end 2.7 6) (layer F.Fab) (width 0.1))
    (pad 3 thru_hole rect (at 0 -5) (size 2.5 1.8) (drill oval 1.5 0.8) (layers *.Cu *.Mask))
    (pad 2 thru_hole rect (at 0 5) (size 2.5 1.8) (drill oval 1.5 0.8) (layers *.Cu *.Mask))
    (pad 1 thru_hole rect (at -5 0) (size 1.8 2.5) (drill oval 0.8 1.5) (layers *.Cu *.Mask))
    (pad "" np_thru_hole circle (at 0 0) (size 1.2 1.2) (drill 1.2) (layers *.Cu *.Mask))
    (pad "" np_thru_hole circle (at -5 -5) (size 1.2 1.2) (drill 1.2) (layers *.Cu *.Mask))
    (pad "" np_thru_hole circle (at -7.5 -5) (size 1.2 1.2) (drill 1.2) (layers *.Cu *.Mask))
    (pad "" np_thru_hole circle (at -5 5) (size 1.2 1.2) (drill 1.2) (layers *.Cu *.Mask))
    (pad "" np_thru_hole circle (at -7.5 5) (size 1.2 1.2) (drill 1.2) (layers *.Cu *.Mask))
    (pad 11 thru_hole rect (at 0 -2.5) (size 2.5 1.8) (drill oval 1.5 0.8) (layers *.Cu *.Mask))
    (pad 10 thru_hole rect (at 0 2.5) (size 2.5 1.8) (drill oval 1.5 0.8) (layers *.Cu *.Mask))
    (model C:/Users/jacob/Desktop/CUI_SJ1-3525N/CUI_SJ1-3525N.step
      (offset (xyz -11.5 0 2.5))
      (scale (xyz 1 1 1))
      (rotate (xyz 0 0 180))
    )
  )

  (module headphone:Headphone_Jack_2.5mm_SJ1-3523N (layer F.Cu) (tedit 5CF08D08) (tstamp 5CF161B2)
    (at 157.05 87.604)
    (descr http://www.cui.com/product/resource/sj1-352xn-series.pdf)
    (fp_text reference CON1 (at -2.54 -0.0635 -270) (layer F.SilkS)
      (effects (font (size 1 1) (thickness 0.15)))
    )
    (fp_text value Headphone_Jack_2.5mm_SJ1-3523N (at -4.3815 10.668) (layer F.Fab)
      (effects (font (size 1 1) (thickness 0.15)))
    )
    (fp_line (start -11.3 6) (end 2.7 6) (layer F.Fab) (width 0.1))
    (fp_line (start 2.7 -6) (end 2.7 6) (layer F.Fab) (width 0.1))
    (fp_text user %R (at -8.25 0) (layer F.Fab)
      (effects (font (size 1 1) (thickness 0.15)))
    )
    (fp_line (start -11.3 -5.1) (end -10.4 -6) (layer F.Fab) (width 0.1))
    (fp_line (start -10.4 -6) (end 2.7 -6) (layer F.Fab) (width 0.1))
    (fp_line (start -11.3 -5.1) (end -11.3 6) (layer F.Fab) (width 0.1))
    (fp_line (start -11.4 -4.9) (end -11.6 -4.9) (layer F.SilkS) (width 0.1))
    (fp_line (start -11.4 -5.2) (end -11.4 -4.9) (layer F.SilkS) (width 0.1))
    (fp_line (start -10.5 -6.1) (end -11.4 -5.2) (layer F.SilkS) (width 0.1))
    (fp_line (start -10.1 -6.1) (end -10.5 -6.1) (layer F.SilkS) (width 0.1))
    (fp_line (start 2.8 -6.1) (end 2.8 -4.6) (layer F.SilkS) (width 0.1))
    (fp_line (start 2.2 -6.1) (end 2.8 -6.1) (layer F.SilkS) (width 0.1))
    (fp_line (start 2.8 6.1) (end 2.8 4.7) (layer F.SilkS) (width 0.1))
    (fp_line (start 2.2 6.1) (end 2.8 6.1) (layer F.SilkS) (width 0.1))
    (fp_line (start -11.4 6.1) (end -11.4 4.9) (layer F.SilkS) (width 0.1))
    (fp_line (start -10.8 6.1) (end -11.4 6.1) (layer F.SilkS) (width 0.1))
    (fp_line (start -11.75 6.25) (end 3.25 6.25) (layer F.CrtYd) (width 0.05))
    (fp_line (start -11.75 -6.25) (end -11.75 6.25) (layer F.CrtYd) (width 0.05))
    (fp_line (start 3.25 -6.25) (end 3.25 6.25) (layer F.CrtYd) (width 0.05))
    (fp_line (start -11.75 -6.25) (end 3.25 -6.25) (layer F.CrtYd) (width 0.05))
    (pad 10 thru_hole rect (at 0 2.5) (size 2.5 1.8) (drill oval 1.5 0.8) (layers *.Cu *.Mask))
    (pad 11 thru_hole rect (at 0 -2.5) (size 2.5 1.8) (drill oval 1.5 0.8) (layers *.Cu *.Mask))
    (pad "" np_thru_hole circle (at -7.5 5) (size 1.2 1.2) (drill 1.2) (layers *.Cu *.Mask))
    (pad "" np_thru_hole circle (at -5 5) (size 1.2 1.2) (drill 1.2) (layers *.Cu *.Mask))
    (pad "" np_thru_hole circle (at -7.5 -5) (size 1.2 1.2) (drill 1.2) (layers *.Cu *.Mask))
    (pad "" np_thru_hole circle (at -5 -5) (size 1.2 1.2) (drill 1.2) (layers *.Cu *.Mask))
    (pad "" np_thru_hole circle (at 0 0) (size 1.2 1.2) (drill 1.2) (layers *.Cu *.Mask))
    (pad 1 thru_hole rect (at -5 0) (size 1.8 2.5) (drill oval 0.8 1.5) (layers *.Cu *.Mask))
    (pad 2 thru_hole rect (at 0 5) (size 2.5 1.8) (drill oval 1.5 0.8) (layers *.Cu *.Mask))
    (pad 3 thru_hole rect (at 0 -5) (size 2.5 1.8) (drill oval 1.5 0.8) (layers *.Cu *.Mask))
    (model C:/Users/jacob/Desktop/CUI_SJ1-3525N/CUI_SJ1-3525N.step
      (offset (xyz -11.5 0 2.5))
      (scale (xyz 1 1 1))
      (rotate (xyz 0 0 180))
    )
  )

  (module headphone:Headphone_Jack_2.5mm_SJ1-3523N (layer F.Cu) (tedit 5CF08D08) (tstamp 5CF16191)
    (at 140.05 87.604 180)
    (descr http://www.cui.com/product/resource/sj1-352xn-series.pdf)
    (fp_text reference CON1 (at -2.54 -0.0635 -90) (layer F.SilkS)
      (effects (font (size 1 1) (thickness 0.15)))
    )
    (fp_text value Headphone_Jack_2.5mm_SJ1-3523N (at -4.3815 10.668 180) (layer F.Fab)
      (effects (font (size 1 1) (thickness 0.15)))
    )
    (fp_line (start -11.75 -6.25) (end 3.25 -6.25) (layer F.CrtYd) (width 0.05))
    (fp_line (start 3.25 -6.25) (end 3.25 6.25) (layer F.CrtYd) (width 0.05))
    (fp_line (start -11.75 -6.25) (end -11.75 6.25) (layer F.CrtYd) (width 0.05))
    (fp_line (start -11.75 6.25) (end 3.25 6.25) (layer F.CrtYd) (width 0.05))
    (fp_line (start -10.8 6.1) (end -11.4 6.1) (layer F.SilkS) (width 0.1))
    (fp_line (start -11.4 6.1) (end -11.4 4.9) (layer F.SilkS) (width 0.1))
    (fp_line (start 2.2 6.1) (end 2.8 6.1) (layer F.SilkS) (width 0.1))
    (fp_line (start 2.8 6.1) (end 2.8 4.7) (layer F.SilkS) (width 0.1))
    (fp_line (start 2.2 -6.1) (end 2.8 -6.1) (layer F.SilkS) (width 0.1))
    (fp_line (start 2.8 -6.1) (end 2.8 -4.6) (layer F.SilkS) (width 0.1))
    (fp_line (start -10.1 -6.1) (end -10.5 -6.1) (layer F.SilkS) (width 0.1))
    (fp_line (start -10.5 -6.1) (end -11.4 -5.2) (layer F.SilkS) (width 0.1))
    (fp_line (start -11.4 -5.2) (end -11.4 -4.9) (layer F.SilkS) (width 0.1))
    (fp_line (start -11.4 -4.9) (end -11.6 -4.9) (layer F.SilkS) (width 0.1))
    (fp_line (start -11.3 -5.1) (end -11.3 6) (layer F.Fab) (width 0.1))
    (fp_line (start -10.4 -6) (end 2.7 -6) (layer F.Fab) (width 0.1))
    (fp_line (start -11.3 -5.1) (end -10.4 -6) (layer F.Fab) (width 0.1))
    (fp_text user %R (at -8.25 0 180) (layer F.Fab)
      (effects (font (size 1 1) (thickness 0.15)))
    )
    (fp_line (start 2.7 -6) (end 2.7 6) (layer F.Fab) (width 0.1))
    (fp_line (start -11.3 6) (end 2.7 6) (layer F.Fab) (width 0.1))
    (pad 3 thru_hole rect (at 0 -5 180) (size 2.5 1.8) (drill oval 1.5 0.8) (layers *.Cu *.Mask))
    (pad 2 thru_hole rect (at 0 5 180) (size 2.5 1.8) (drill oval 1.5 0.8) (layers *.Cu *.Mask))
    (pad 1 thru_hole rect (at -5 0 180) (size 1.8 2.5) (drill oval 0.8 1.5) (layers *.Cu *.Mask))
    (pad "" np_thru_hole circle (at 0 0 180) (size 1.2 1.2) (drill 1.2) (layers *.Cu *.Mask))
    (pad "" np_thru_hole circle (at -5 -5 180) (size 1.2 1.2) (drill 1.2) (layers *.Cu *.Mask))
    (pad "" np_thru_hole circle (at -7.5 -5 180) (size 1.2 1.2) (drill 1.2) (layers *.Cu *.Mask))
    (pad "" np_thru_hole circle (at -5 5 180) (size 1.2 1.2) (drill 1.2) (layers *.Cu *.Mask))
    (pad "" np_thru_hole circle (at -7.5 5 180) (size 1.2 1.2) (drill 1.2) (layers *.Cu *.Mask))
    (pad 11 thru_hole rect (at 0 -2.5 180) (size 2.5 1.8) (drill oval 1.5 0.8) (layers *.Cu *.Mask))
    (pad 10 thru_hole rect (at 0 2.5 180) (size 2.5 1.8) (drill oval 1.5 0.8) (layers *.Cu *.Mask))
    (model C:/Users/jacob/Desktop/CUI_SJ1-3525N/CUI_SJ1-3525N.step
      (offset (xyz -11.5 0 2.5))
      (scale (xyz 1 1 1))
      (rotate (xyz 0 0 180))
    )
  )

